-13.558343 2.959579 
-13.731827 2.748093 
-13.900119 2.534909 
-14.063037 2.320032 
-14.220403 2.103474 
-14.372044 1.885247 
-14.517794 1.665371 
-14.657492 1.443870 
-14.790985 1.220772 
-14.918124 0.996113 
-15.038770 0.769930 
-15.152788 0.542269 
-15.260052 0.313181 
-15.360442 0.082719 
-15.453848 -0.149053 
-15.540164 -0.382070 
-15.619294 -0.616258 
-15.691150 -0.851538 
-15.755652 -1.087827 
-15.812727 -1.325035 
-15.862312 -1.563066 
-15.904350 -1.801818 
-15.938796 -2.041185 
-15.965609 -2.281053 
-15.984760 -2.521306 
-15.996228 -2.761819 
-16.000000 -3.002464 
-15.996070 -3.243107 
-15.984445 -3.483609 
-15.965137 -3.723828 
-15.938167 -3.963615 
-15.903566 -4.202818 
-15.861372 -4.441279 
-15.811633 -4.678840 
-15.754406 -4.915335 
-15.689752 -5.150598 
-15.617746 -5.384457 
-15.538468 -5.616738 
-15.452006 -5.847266 
-15.358457 -6.075862 
-15.257924 -6.302346 
-15.150521 -6.526535 
-15.036366 -6.748247 
-14.915586 -6.967297 
-14.788315 -7.183500 
-14.654694 -7.396672 
-14.514870 -7.606628 
-14.368998 -7.813182 
-14.217238 -8.016153 
-14.059757 -8.215358 
-13.896727 -8.410616 
-13.728326 -8.601749 
-13.554739 -8.788582 
-13.376153 -8.970940 
-13.192762 -9.148656 
-13.004764 -9.321562 
-12.812363 -9.489496 
-12.615763 -9.652301 
-12.415177 -9.809823 
-12.210817 -9.961916 
-12.002901 -10.108436 
-11.791648 -10.249247 
-11.577281 -10.384219 
-11.360024 -10.513229 
-11.140105 -10.636160 
-10.917751 -10.752902 
-10.693192 -10.863353 
-10.466659 -10.967419 
-10.238383 -11.065014 
-10.008595 -11.156060 
-9.777528 -11.240489 
-9.545413 -11.318240 
-9.312481 -11.389261 
-9.078961 -11.453512 
-8.845083 -11.510959 
-8.611074 -11.561581 
-8.377159 -11.605363 
-8.143561 -11.642303 
-7.910502 -11.672409 
-7.678199 -11.695697 
-7.446868 -11.712194 
-7.216719 -11.721939 
-6.987962 -11.724980 
-6.760799 -11.721374 
-6.535432 -11.711190 
-6.312056 -11.694507 
-6.090861 -11.671414 
-5.872033 -11.642010 
-5.655754 -11.606404 
-5.442198 -11.564716 
-5.231535 -11.517073 
-5.023927 -11.463616 
-4.819534 -11.404491 
-4.618506 -11.339856 
-4.420988 -11.269876 
-4.227117 -11.194727 
-4.037026 -11.114592 
-3.850837 -11.029663 
-3.668667 -10.940139 
-3.490627 -10.846227 
-3.316819 -10.748141 
-3.147335 -10.646103 
-2.982265 -10.540341 
-2.821686 -10.431088 
-2.665669 -10.318584 
-2.514277 -10.203073 
-2.367566 -10.084807 
-2.225583 -9.964039 
-2.088366 -9.841028 
-1.955945 -9.716034 
-1.828344 -9.589325 
-1.705577 -9.461166 
-1.587649 -9.331828 
-1.474558 -9.201582 
-1.366295 -9.070701 
-1.262842 -8.939457 
-1.164171 -8.808123 
-1.070248 -8.676973 
-0.981032 -8.546278 
-0.896473 -8.416308 
-0.816512 -8.287333 
-0.741084 -8.159617 
-0.670118 -8.033424 
-0.603532 -7.909013 
-0.541239 -7.786641 
-0.483146 -7.666557 
-0.429152 -7.549009 
-0.379147 -7.434237 
-0.333019 -7.322477 
-0.290646 -7.213955 
-0.251902 -7.108896 
-0.216654 -7.007513 
-0.184764 -6.910013 
-0.156088 -6.816595 
-0.130478 -6.727449 
-0.107779 -6.642759 
-0.087833 -6.562695 
-0.070476 -6.487421 
-0.055543 -6.417091 
-0.042861 -6.351848 
-0.032257 -6.291825 
-0.023551 -6.237143 
-0.016563 -6.187914 
-0.011109 -6.144239 
-0.007003 -6.106206 
-0.004056 -6.073892 
-0.002078 -6.047363 
-0.000877 -6.026673 
-0.000260 -6.011865 
-0.000033 -6.002968 
-0.000000 -6.000000 
0.000033 -6.002968 
0.000260 -6.011865 
0.000877 -6.026673 
0.002078 -6.047363 
0.004056 -6.073892 
0.007003 -6.106206 
0.011109 -6.144239 
0.016563 -6.187914 
0.023551 -6.237143 
0.032257 -6.291825 
0.042861 -6.351848 
0.055543 -6.417091 
0.070476 -6.487421 
0.087833 -6.562695 
0.107779 -6.642759 
0.130478 -6.727449 
0.156088 -6.816595 
0.184764 -6.910013 
0.216654 -7.007513 
0.251902 -7.108896 
0.290646 -7.213955 
0.333019 -7.322477 
0.379147 -7.434237 
0.429152 -7.549009 
0.483146 -7.666557 
0.541239 -7.786641 
0.603532 -7.909013 
0.670118 -8.033424 
0.741084 -8.159617 
0.816512 -8.287333 
0.896473 -8.416308 
0.981032 -8.546278 
1.070248 -8.676973 
1.164171 -8.808123 
1.262842 -8.939457 
1.366295 -9.070701 
1.474558 -9.201582 
1.587649 -9.331828 
1.705577 -9.461166 
1.828344 -9.589325 
1.955945 -9.716034 
2.088366 -9.841028 
2.225583 -9.964039 
2.367566 -10.084807 
2.514277 -10.203073 
2.665669 -10.318584 
2.821686 -10.431088 
2.982265 -10.540341 
3.147335 -10.646103 
3.316819 -10.748141 
3.490627 -10.846227 
3.668667 -10.940139 
3.850837 -11.029663 
4.037026 -11.114592 
4.227117 -11.194727 
4.420988 -11.269876 
4.618506 -11.339856 
4.819534 -11.404491 
5.023927 -11.463616 
5.231535 -11.517073 
5.442198 -11.564716 
5.655754 -11.606404 
5.872033 -11.642010 
6.090861 -11.671414 
6.312056 -11.694507 
6.535432 -11.711190 
6.760799 -11.721374 
6.987962 -11.724980 
7.216719 -11.721939 
7.446868 -11.712194 
7.678199 -11.695697 
7.910502 -11.672409 
8.143561 -11.642303 
8.377159 -11.605363 
8.611074 -11.561581 
8.845083 -11.510959 
9.078961 -11.453512 
9.312481 -11.389261 
9.545413 -11.318240 
9.777528 -11.240489 
10.008595 -11.156060 
10.238383 -11.065014 
10.466659 -10.967419 
10.693192 -10.863353 
10.917751 -10.752902 
11.140105 -10.636160 
11.360024 -10.513229 
11.577281 -10.384219 
11.791648 -10.249247 
12.002901 -10.108436 
12.210817 -9.961916 
12.415177 -9.809823 
12.615763 -9.652301 
12.812363 -9.489496 
13.004764 -9.321562 
13.192762 -9.148656 
13.376153 -8.970940 
13.554739 -8.788582 
13.728326 -8.601749 
13.896727 -8.410616 
14.059757 -8.215358 
14.217238 -8.016153 
14.368998 -7.813182 
14.514870 -7.606628 
14.654694 -7.396672 
14.788315 -7.183500 
14.915586 -6.967297 
15.036366 -6.748247 
15.150521 -6.526535 
15.257924 -6.302346 
15.358457 -6.075862 
15.452006 -5.847266 
15.538468 -5.616738 
15.617746 -5.384457 
15.689752 -5.150598 
15.754406 -4.915335 
15.811633 -4.678840 
15.861372 -4.441279 
15.903566 -4.202818 
15.938167 -3.963615 
15.965137 -3.723828 
15.984445 -3.483609 
15.996070 -3.243107 
16.000000 -3.002464 
15.996228 -2.761819 
15.984760 -2.521306 
15.965609 -2.281053 
15.938796 -2.041185 
15.904350 -1.801818 
15.862312 -1.563066 
15.812727 -1.325035 
15.755652 -1.087827 
15.691150 -0.851538 
15.619294 -0.616258 
15.540164 -0.382070 
15.453848 -0.149053 
15.360442 0.082719 
15.260052 0.313181 
15.152788 0.542269 
15.038770 0.769930 
14.918124 0.996113 
14.790985 1.220772 
14.657492 1.443870 
14.517794 1.665371 
14.372044 1.885247 
14.220403 2.103474 
14.063037 2.320032 
13.900119 2.534909 
13.731827 2.748093 
13.558343 2.959579 
